Epi_Control_rep1	Epi_Control_rep2	Epi_Control_rep3	Mes_Control_rep1	Mes_Control_rep2	Mes_Control_rep3	Epi_TNF_1hr_rep1	Epi_TNF_1hr_rep2	Epi_TNF_1hr_rep3	Mes_TNF_1hr_rep1	Mes_TNF_1hr_rep2	Mes_TNF_1hr_rep3	Epi_TNF_12hr_rep1	Epi_TNF_12hr_rep2	Epi_TNF_12hr_rep3	Mes_TNF_12hr_rep1	Mes_TNF_12hr_rep2	Mes_TNF_12hr_rep3
CLDN7	4.91745168813683	4.82217095970915	5.0314569374209	3.19627187069539	3.18045450113544	3.40879737652945	4.76119447831006	4.84572998730813	5.2025380604457	3.09346621609362	3.12108257242394	3.27239887682553	5.1139924485205	5.14402059188784	5.05388817506006	3.33602136945757	3.48431127022905	3.33602136945757
VIM	5.31020863659868	5.23325597642833	5.52331736493865	6.87487155208215	6.8214591674584	7.01108200408394	5.09997437388499	5.13285352289381	5.51599396627996	6.92643332884735	6.92066671382254	6.78857701705859	5.44165452794074	5.45935423726829	5.38654099948866	7.10662348504042	7.17207605289568	6.95768099423226
CDH1	5.83704854312004	5.78578460716076	6.07290749864241	3.33602136945757	3.40617428935851	3.5759248853768	5.53201405837004	5.57629545752323	5.94276515985994	3.32081244422559	3.25173317997413	3.16	5.91906479965114	5.93397440833758	5.87838941846939	3.56236125126263	3.62523350179628	3.39555110960115
GRHL2	4.83044420003124	4.75660533803483	5.05496740141581	2.05	2.2199896988958	2.11287225053366	4.61845905964306	4.68711933019187	5.07194471395774	2.01554952037515	1.9391626957122	2.05	4.81036868163457	4.83226541355199	4.73501540284937	2.05	2.3674529681972	2.05
OVOL1	4.9312219400841	4.84537530479334	5.02300281671779	1.89643612526683	1.60872132116131	1.74287225053366	4.79868691424377	4.8380518893497	5.18770556874646	1.52643612526683	1.42911339510832	1.97872132116131	3.86776905440509	3.86666044099492	3.58540643421673	1.68	1.9391626957122	1.89643612526683
SLC25A42	3.97478581481727	3.85317432163069	4.07527112735918	3.96379817819883	3.91338423664479	4.13083615130498	3.69235298545396	3.70901183758777	4.10590724022861	3.99523350179628	3.93529689843325	3.7280518893497	3.88197534453778	3.92743234121843	3.91743584748219	4.22203494624586	4.31352794751396	4.06923092525684
SNX13	4.61080592259951	4.60666044099492	4.88055705905979	4.65236651056886	4.65262112405574	4.74538491708311	4.33932026708418	4.44036868163457	4.80484692104048	4.61818761434601	4.54558851987483	4.37216602995147	4.63843384582479	4.69470113065876	4.59657792826388	4.77513467422307	4.75049510049167	4.53775454943169
TAF4B	4.05849326390059	4.02077891023525	4.30675868984918	3.88840671348223	3.85544580235673	3.93529689843325	3.86443628292239	3.95446582222862	4.29045450113544	3.93039514530093	3.92245749472439	3.62523350179628	4.19693105509485	4.22601216544979	4.14221533055535	4.01492672921403	4.02492010373723	3.74782441516544
CRIP2	5.03606887389952	4.92315585652776	5.04383109293973	5.3864122495688	5.31486677564009	5.51916639403218	4.79480049616503	4.77472982235298	5.13409443123675	5.36693968724557	5.38492938916742	5.30737918482465	4.94405637332911	4.9637430986319	4.94080240436305	5.57085451516321	5.73416131802794	5.46047624958918
CDK2	4.61900153648357	4.58050540159587	4.88633861048191	4.98560197611329	4.98601106835337	5.11943450573559	4.35997437388499	4.41674376903729	4.82198564564198	4.99667252149168	4.9636009611886	5.11151991670115	4.71274278681357	4.71501233600256	4.62466450470947	5.01557461729521	5.0523254303009	4.8197568442197
MBNL1	5.20579900694283	5.17052309712385	5.48783965194947	5.09198723486798	5.08478581481727	5.16509296106056	4.94198796212997	4.98845905964306	5.39465367164289	5.07333541513116	4.98641984731282	4.86093492865214	5.32413520726708	5.34136285448085	5.28340657222017	5.19825050996387	5.20099121681537	4.98066825730794
NEURL1B	5.1333709186551	5.06728270034928	5.28714161135488	5.39963863322672	5.35382561119568	5.56017545396417	4.84590724022861	4.90347590890239	5.22460849806893	5.39287561615359	5.37967409659826	5.03432849967228	5.19650742237261	5.2118154572209	5.22084657508245	5.63783778762356	5.72224926867528	5.54148697814618
ANG	2.61371792374109	2.51173317997413	2.98371792374109	2.78159357169497	2.88871102005711	3.08393387054954	2.3091626957122	2.34872132116131	2.88173317997413	2.89559882097903	2.86749774528271	3.08872132116131	2.90239887682553	2.72816930524095	2.72816930524095	3.08393387054954	3.22656636330553	3.02822679021665
RNASE4	2.77305263484314	2.71872132116131	3.22287225053366	3.37084657508245	3.41659017427475	3.50218062633414	2.60198564564198	2.65822679021665	3.19627187069539	3.4191626957122	3.33602136945757	3.30515744642814	2.92229424170869	3.07910309400412	2.86749774528271	3.71494297822079	3.73519787512073	3.54440002603815
PPFIBP1	4.82770067592542	4.79029585200498	5.14966822462769	4.76285352289381	4.73762672725055	4.8411006299763	4.54496601582163	4.6531299869781	5.050878824632	4.76160972311134	4.65414625985076	4.5210820514668	4.82420517967191	4.84838262072019	4.75869620308621	4.81751869769077	4.81994293352441	4.62680612108319
PACSIN1	1.97872132116131	1.97872132116131	2.3674529681972	0.94	0.94	1.15643612526683	1.8499896988958	1.79911339510832	2.16911339510832	1.42911339510832	0.94	0.94	1.68	1.52643612526683	1.68	1.15643612526683	0.57	1.15643612526683
TMEM182	3.07422820016746	3.23749774528271	3.43930837580048	3.16827609082053	3.13873036697552	3.27239887682553	3.04400519505779	3.03879737652945	3.37643612526683	3.12554952037515	3.02822679021665	2.86023508678561	3.25523350179628	3.27239887682553	3.18045450113544	3.23023508678561	3.11657792826388	2.96602136945757
ZNF503-AS2	2.81445300046938	2.6791626957122	2.90239887682553	2.75554952037515	2.72816930524095	2.86749774528271	2.60198564564198	2.63643612526683	2.99519787512073	2.64744264232263	2.7374529681972	2.86749774528271	3.00643612526683	3.05427084153647	3.00643612526683	3.05427084153647	3.11203494624586	2.86749774528271
CCNF	4.88022478568141	4.78177077643499	5.00449823818275	4.68735789876127	4.65032521873086	4.84590724022861	4.50622128817647	4.51617428935852	4.77876458959836	4.65083627397825	4.64182139107055	4.28945017879754	4.85834409441965	4.88122098596768	4.84092177349444	4.83984737427538	4.9535560944735	4.7233267516691
MBTPS2	4.19931674472013	4.14748744417851	4.49093492865214	4.42926744411625	4.44263694495612	4.48504421531223	3.91032521873086	4.04753516601713	4.43656669145096	4.40351342114648	4.36914412122905	4.07751869769077	4.24382561119568	4.2226049379339	4.15787798470669	4.44451982932506	4.47056388064487	4.2449194582283
RNF150	4.03147990567718	4.01576669345521	4.19273026876536	2.55229424170869	2.24371792374109	2.53911339510832	3.75196775160924	3.82752847783783	4.20228394060449	2.3091626957122	2.38554952037515	2.05	3.68304233373894	3.67832539142441	3.647442667093	2.66879737652945	2.60198564564198	2.3674529681972
RC3H2	4.79732988422077	4.75450625092121	4.96558744947581	4.76964309465575	4.76409443123675	4.91527735859226	4.51320782634508	4.6149194582283	4.99089587568633	4.77715434051867	4.7570241667461	4.64156157253773	4.89707346734998	4.90585716414561	4.83498563600984	4.94846187700225	4.94714403941447	4.71974720990589
UBE3C	5.13419771017006	5.08512556055811	5.36062566704218	5.27569874385505	5.23582313670712	5.38208108320174	4.89868129135209	4.96643654376693	5.36008483906772	5.31494038760534	5.25961445485389	5.29085069748926	5.26980389358525	5.30385872489373	5.2137763105918	5.4181558268969	5.44983504606714	5.21457640641753
CEP135	3.85883500209236	3.91134684041137	4.28083627397825	4.10163684013202	4.153356989556	4.27208108320174	3.48883500209236	3.62697509278697	3.9440081969077	4.01576669345521	3.94304726565786	3.53621906644402	3.8310990407503	3.76955961778832	3.7708891257362	4.12127942505979	4.12127942505979	3.88089587568633
SAFB2	4.86676134399769	4.75994680224893	5.02743584748219	4.80866113637677	4.77836248248697	4.94435120745156	4.57435120745156	4.57020863659868	4.94582294029764	4.76036301838318	4.76718413983471	4.50689062640227	4.92879971396463	4.93483479424885	4.87555110960115	4.90012420392497	4.97066187320464	4.77310733731926
MTAP	4.71046354694965	4.67407567354659	5.02667850921593	4.72577383610324	4.70124800230983	4.85521840267391	4.43350548068063	4.5690191159613	4.89723446785343	4.77876458959836	4.72176365490026	4.38492672921403	4.8059940500603	4.80904106320073	4.75848748473941	4.77654924259051	4.79538526580372	4.5819602871112
PDS5B	4.50521570452249	4.53554027653457	4.82457420641674	4.61546554233233	4.60052156641841	4.66842177090881	4.27518757401653	4.31783471626964	4.70124800230983	4.56212744863903	4.51879737652945	4.27467107938007	4.57287540566792	4.55849616140306	4.48434689690461	4.65440002603815	4.63026802553298	4.41276908823734
ACTN4	6.01810955956753	5.92367335315681	6.10253109384892	5.94326443873792	5.8954056202971	6.13723084110892	5.76347954905735	5.7712065047796	6.12045593074041	5.97347037863434	5.96634923714665	5.86550434658546	6.11638767132521	6.13971713627334	6.05000437629262	6.09156244772987	6.24211536635962	6.01948791444306
AFF3	0.57	0.57	0.57	1.79911339510832	1.68	1.9391626957122	0.57	0.57	0.57	1.79911339510832	1.52643612526683	1.60872132116131	1.15643612526683	0.57	0.57	2.14173317997413	2.05	1.79911339510832
THAP4	4.81545878676176	4.68926261858822	4.89303259139036	4.70748591075968	4.65919880268499	4.86127942505979	4.59060729852369	4.58917582229675	4.9304661744685	4.71114834135418	4.7199716358773	4.87638870143334	4.92269562040344	4.94802295920436	4.88830652852693	4.88748744417851	5.02414625985076	4.75513684421974
ZNF490	3.02286194942946	3.04400519505779	3.4008891257362	3.24466291548348	3.17236651056886	3.33602136945757	2.77305263484314	2.79827609082053	3.08393387054954	3.1074529681972	3.12554952037515	2.90239887682553	3.32081244422559	3.40617428935851	3.34494297822079	3.39015917319886	3.40353824861816	3.21163400038755
CLU	5.19012895797833	5.11334854353877	5.30288086748695	4.02160972311134	3.959152394608	4.11990010345219	4.91340657222017	4.96089313369257	5.31228394060449	4.05460543050778	3.99261041462534	3.82752847783783	4.95137880866031	4.95456912992894	4.92054258944889	4.12471221608736	4.30088735111278	3.93039514530093
GGCX	4.54058804147927	4.45087240818921	4.76800505066952	4.56001220094847	4.53807012565438	4.7061059948724	4.28541388610577	4.28945017879754	4.68063734208315	4.59742544974141	4.56091976222993	4.56961420762285	4.64570356938308	4.6612065047796	4.63738718438135	4.77936718288734	4.80292954410421	4.60582746735624
REXO2	4.61900153648357	4.5874529681972	4.93752847783783	4.95254113283242	4.94552891816675	5.05136146224637	4.39243924490241	4.41950854040926	4.87705782990093	4.93767772910823	4.88485789617564	5.05003315733826	4.79382445426733	4.8141437834024	4.68711933019187	5.03606887389952	5.07124800230983	4.83715187705567
LIG3	4.04753516601713	3.98643928040109	4.26265164372649	4.23666044099492	4.22883500209236	4.36041461899459	3.77748744417851	3.82513476456589	4.2226049379339	4.2736365884262	4.22770765813558	4.43081244422559	4.14353824861816	4.1649059363944	4.06081244422559	4.37388518494832	4.39036301838318	4.19991150485422
BAIAP2-AS1	3.75744264232263	3.67674376903729	3.98909279289992	3.88197534453778	3.8068313543481	4.05147464637095	3.49554952037515	3.59287225053366	3.9440081969077	3.92445300046938	3.88840671348223	3.63559882097903	3.82872132116131	3.81054258944889	3.76955961778832	4.11294952132878	4.19031489285628	3.9828806194533
SRD5A3-AS1	0.57	1.15643612526683	1.60872132116131	1.31	1.68	1.60872132116131	1.31	1.52643612526683	1.79911339510832	1.60872132116131	1.15643612526683	1.31	1.74287225053366	1.52643612526683	1.68	1.60872132116131	1.68	1.52643612526683
ADAMTS7	3.38744264232263	3.22656636330553	3.40617428935851	5.08160438338545	5.00882581536764	5.25855200894751	3.07910309400412	3.06434278496842	3.44667121205243	5.01247038466433	5.0462718706954	4.51221533055535	3.46346621609362	3.4610990407503	3.48657792826388	5.28364077938962	5.43657987317055	5.24244054168267
MIAT	2.61371792374109	2.40305263484314	2.69930837580048	2.70910309400412	2.79	2.81445300046938	2.28822679021665	2.45236125126263	2.72816930524095	2.82236125126263	2.51173317997413	2.79827609082053	2.6791626957122	2.64744264232263	2.62519787512073	2.86749774528271	2.87466291548348	2.61371792374109
COG1	4.26423482975642	4.18910309400412	4.46769206650821	4.43656669145096	4.43694811137796	4.62439619750849	4.00559882097903	4.05460543050778	4.39077891023525	4.4399896988958	4.44112584086099	4.3018704032601	4.38324282508849	4.3836642993821	4.30918614817133	4.62197534453778	4.69163400038755	4.47873531129472
CD47	4.76430096912485	4.74259633804823	5.09743589400584	4.70794509114509	4.69305178917623	4.79186700005648	4.55330918043091	4.68015404900792	5.04991223828346	4.73019454182589	4.64311859016611	4.46661114039104	5.30393387054954	5.31361381658264	5.25271180912017	5.01143161583225	4.97052156641841	4.77025606754431
PLEKHB2	5.1305710048129	5.07194471395774	5.38634786296175	5.09377251133185	5.05148205349621	5.21065337635556	4.90012420392497	5.00132872566367	5.41669786172934	5.14331041784868	5.10414211485889	5.36540165488832	5.29522202260229	5.31486677564009	5.2323115823233	5.27220154920402	5.32254113283242	5.09820975355028
